0.000220 0.003540 0.101190 0.111370 
0.268640 0.277640 0.169850 0.175070 
0.246760 0.251100 0.095430 0.099250 
0.194640 0.206200 0.056180 0.062400 
0.084110 0.098510 0.296230 0.299010 
0.019300 0.027880 0.281220 0.294140 
0.265160 0.278720 0.038800 0.042820 
0.137400 0.141960 0.237250 0.239910 
0.008390 0.010830 0.152120 0.163720 
0.075200 0.087160 0.142810 0.150990 
0.048450 0.049930 0.054950 0.065430 
0.306950 0.322010 0.188540 0.195260 
0.198940 0.214460 0.081230 0.093150 
0.200760 0.214740 0.240640 0.256500 
0.249510 0.260830 0.290090 0.294150 
0.310960 0.318460 0.135530 0.140590 
0.084970 0.098530 0.000230 0.011910 
0.145120 0.159380 0.254350 0.260950 
0.014910 0.024950 0.222270 0.237330 
0.177580 0.185600 0.148360 0.150500 
0.152600 0.163080 0.169870 0.173290 
0.068910 0.081110 0.080350 0.094930 
0.216210 0.219830 0.180660 0.192120 
0.008010 0.019250 0.307770 0.308990 
0.038810 0.053750 0.211140 0.214480 
0.271630 0.281830 0.110020 0.121780 
0.025680 0.030040 0.160370 0.172430 
0.248300 0.257460 0.179420 0.181020 
0.144220 0.156420 0.130080 0.144660 
0.081320 0.091140 0.036500 0.039960 
0.159740 0.167720 0.169030 0.178870 
0.074930 0.085570 0.188730 0.198790 
0.177980 0.179500 0.273060 0.279220 
0.132190 0.141750 0.216720 0.224200 
0.181180 0.186540 0.164250 0.172210 
0.007150 0.017090 0.111970 0.122030 
0.186600 0.200420 0.044070 0.049730 
0.268820 0.280720 0.068250 0.078190 
0.177020 0.187300 0.201380 0.210900 
0.252630 0.265510 0.295340 0.303800 
0.207550 0.212090 0.014040 0.025840 
0.013990 0.019610 0.167370 0.180390 
0.296550 0.311230 0.298470 0.306930 
0.002500 0.009920 0.144790 0.159450 
0.181360 0.185080 0.166130 0.179070 
0.131510 0.144230 0.053890 0.056290 
0.241780 0.255640 0.267130 0.275890 
0.314490 0.316750 0.193380 0.197540 
0.046750 0.055730 0.108740 0.110340 
0.091950 0.098850 0.213180 0.223300 
0.252930 0.266590 0.302100 0.303480 
0.291080 0.295600 0.290360 0.298500 
0.083960 0.089680 0.238680 0.241840 
0.070590 0.074410 0.041180 0.056120 
0.013580 0.015200 0.038280 0.047520 
0.303780 0.305380 0.206480 0.220240 
0.046010 0.050910 0.104900 0.108660 
0.143620 0.148520 0.201530 0.208410 
0.268850 0.273970 0.039560 0.044480 
0.146190 0.156430 0.275840 0.277520 
0.200290 0.202110 0.286820 0.295040 
0.002760 0.015480 0.249740 0.262960 
0.111840 0.119180 0.321700 0.323300 
0.124400 0.132600 0.250680 0.253760 
0.219800 0.230600 0.070720 0.074600 
0.175990 0.187690 0.133120 0.135320 
0.138710 0.144530 0.113030 0.120610 
0.281430 0.285750 0.288930 0.292630 
0.319140 0.329980 0.307630 0.315990 
0.273290 0.281270 0.167750 0.168990 
0.114200 0.125800 0.195270 0.202790 
0.125710 0.131210 0.205280 0.216120 
0.174750 0.186450 0.181830 0.190050 
0.106130 0.119670 0.308770 0.323890 
0.090090 0.097650 0.222770 0.235030 
0.137180 0.151940 0.052810 0.062270 
0.058930 0.071770 0.272160 0.282620 
0.206950 0.212110 0.002880 0.007360 
0.101660 0.104860 0.281350 0.288250 
0.114140 0.120000 0.311020 0.321160 
0.094700 0.100220 0.261930 0.269630 
0.082270 0.090470 0.279480 0.287240 
0.269120 0.274780 0.171260 0.174540 
0.016910 0.026390 0.280780 0.285240 
0.058800 0.064860 0.309350 0.319210 
0.018810 0.028150 0.125480 0.128460 
0.158610 0.169510 0.217310 0.226450 
0.030090 0.035910 0.285890 0.295810 
0.194400 0.209760 0.084920 0.092140 
0.276870 0.286330 0.218630 0.232170 
0.261040 0.272800 0.115870 0.125090 
0.057650 0.065430 0.221760 0.237280 
0.176170 0.190570 0.195520 0.207680 
0.209010 0.212590 0.102830 0.114110 
0.040760 0.053340 0.079500 0.085800 
0.235710 0.249070 0.061200 0.067740 
0.302990 0.304230 0.256100 0.269120 
0.102920 0.109860 0.103970 0.115770 
0.013200 0.027980 0.209490 0.214710 
0.032510 0.034650 0.145700 0.149820 
0.281340 0.291540 0.150120 0.159260 
0.039360 0.052600 0.285900 0.296620 
0.164200 0.165640 0.036720 0.049660 
0.300090 0.304630 0.242710 0.250470 
0.253780 0.259820 0.100720 0.111560 
0.112800 0.124560 0.031280 0.040000 
0.238180 0.246200 0.064100 0.074300 
0.119090 0.122450 0.138970 0.142110 
0.083060 0.093300 0.167400 0.177060 
0.092910 0.108150 0.044930 0.048170 
0.172220 0.180920 0.014830 0.027410 
0.021750 0.034970 0.124820 0.136620 
0.285930 0.294210 0.113300 0.116640 
0.097070 0.111750 0.273840 0.278560 
0.036800 0.048440 0.183920 0.185360 
0.255620 0.267440 0.064880 0.070840 
0.176920 0.189600 0.249070 0.254710 
0.077740 0.084920 0.064350 0.068730 
0.155760 0.163760 0.134450 0.136910 
0.257740 0.273520 0.094370 0.097910 
0.279540 0.284180 0.211160 0.217420 
0.131600 0.143500 0.003790 0.017590 
0.046020 0.054880 0.297910 0.302130 
0.298770 0.303490 0.209350 0.215610 
0.162790 0.167390 0.306550 0.308130 
0.160020 0.174200 0.294520 0.304720 
0.083790 0.086170 0.044830 0.059390 
0.276830 0.288510 0.277520 0.288440 
0.067100 0.068940 0.081520 0.084620 
0.283530 0.291030 0.303630 0.312270 
0.041630 0.043010 0.247780 0.250120 
0.081650 0.093450 0.059760 0.074640 
0.004560 0.011420 0.030190 0.039270 
0.263530 0.273090 0.047750 0.060110 
0.067810 0.073310 0.135670 0.147370 
0.141630 0.147190 0.101170 0.109790 
0.090350 0.102930 0.076420 0.091600 
0.094810 0.103830 0.174070 0.176230 
0.143110 0.152530 0.169920 0.171260 
0.108530 0.120250 0.242710 0.245030 
0.053380 0.055580 0.056690 0.062090 
0.023990 0.030170 0.093860 0.096960 
0.146010 0.150010 0.190170 0.196690 
0.308950 0.312970 0.244020 0.248620 
0.280320 0.281740 0.286780 0.289400 
0.026770 0.030010 0.156710 0.159310 
0.141220 0.144040 0.244490 0.246270 
0.067650 0.076190 0.030300 0.034200 
0.217180 0.218220 0.126520 0.139760 
0.143540 0.158040 0.098930 0.113750 
0.284360 0.286500 0.206740 0.212300 
0.240740 0.244520 0.248220 0.250160 
0.074600 0.080280 0.303520 0.308260 
0.221880 0.224360 0.087500 0.090900 
0.098130 0.103550 0.064790 0.067630 
0.088020 0.102220 0.133440 0.135040 
0.283250 0.297470 0.284610 0.300090 
0.005460 0.020440 0.059030 0.071810 
0.087410 0.100890 0.146430 0.158270 
0.068930 0.082670 0.089750 0.091350 
0.287960 0.292420 0.043410 0.045570 
0.191740 0.192860 0.109190 0.113290 
0.090930 0.105090 0.097870 0.112910 
0.305850 0.312850 0.152450 0.162370 
0.081620 0.089240 0.190160 0.194400 
0.138640 0.152080 0.003510 0.009750 
0.167500 0.179600 0.172340 0.186980 
0.283620 0.287120 0.188030 0.189450 
0.204780 0.218720 0.204620 0.220340 
0.066300 0.076880 0.113910 0.119210 
0.201460 0.210220 0.082830 0.088610 
0.070040 0.084500 0.106320 0.120100 
0.135600 0.137340 0.243770 0.245890 
0.058560 0.066880 0.216840 0.225260 
0.260880 0.262800 0.022250 0.026510 
0.276200 0.278400 0.090240 0.103200 
0.100780 0.102620 0.216850 0.230730 
0.035520 0.045120 0.308720 0.322300 
0.305230 0.309070 0.226850 0.235810 
0.235560 0.239240 0.170870 0.181970 
0.077860 0.080180 0.257480 0.270980 
0.055280 0.057860 0.309080 0.323980 
0.039090 0.042790 0.020320 0.022460 
0.055940 0.069720 0.128530 0.137810 
0.208910 0.217510 0.303980 0.315620 
0.293520 0.299240 0.203720 0.219400 
0.010670 0.021290 0.119880 0.122860 
0.272500 0.274200 0.008460 0.010680 
0.026360 0.035920 0.015970 0.027010 
0.096630 0.108090 0.152700 0.161420 
0.186150 0.187870 0.046530 0.060850 
0.075380 0.081240 0.078950 0.090190 
0.216710 0.232310 0.325370 0.327850 
0.080870 0.091090 0.145100 0.149520 
0.193310 0.203790 0.281300 0.287440 
0.226410 0.238150 0.277520 0.284300 
0.236850 0.252410 0.024010 0.038490 
0.033110 0.043770 0.263240 0.269580 
0.215610 0.222790 0.240890 0.255930 
0.188050 0.191630 0.278230 0.285650 
0.276690 0.287270 0.103060 0.104380 
0.304840 0.320380 0.099900 0.105480 
0.125500 0.128080 0.032630 0.038810 
0.307320 0.320260 0.218460 0.233640 
0.133470 0.141090 0.230150 0.243490 
0.035040 0.049260 0.003670 0.009690 
0.200210 0.216010 0.077430 0.079770 
0.212160 0.225320 0.006510 0.014210 
0.159280 0.167780 0.111000 0.124120 
0.046880 0.052520 0.061700 0.072660 
0.134270 0.135570 0.121010 0.134530 
0.038060 0.043820 0.230970 0.234570 
0.240480 0.243740 0.306010 0.309470 
0.063580 0.076940 0.227320 0.240040 
0.189400 0.199420 0.064490 0.074630 
0.180290 0.189630 0.064450 0.074330 
0.213190 0.220830 0.258970 0.269430 
0.111160 0.116180 0.132600 0.135200 
0.177460 0.185660 0.047740 0.053140 
0.102250 0.108050 0.092200 0.105580 
0.065190 0.070190 0.173620 0.186020 
0.071560 0.083360 0.199270 0.204870 
0.260010 0.264270 0.068380 0.079500 
0.188330 0.201890 0.123660 0.136880 
0.249320 0.255380 0.235430 0.244350 
0.051290 0.056030 0.145980 0.153200 
0.046060 0.047180 0.215770 0.224590 
0.183650 0.195290 0.296720 0.299660 
0.033070 0.037990 0.005870 0.009890 
0.138250 0.153630 0.277850 0.279270 
0.318060 0.323940 0.043990 0.052870 
0.258710 0.266870 0.203450 0.211970 
0.112060 0.126960 0.019180 0.030300 
0.160560 0.167080 0.206040 0.215280 
0.111690 0.122210 0.138680 0.149260 
0.266310 0.275370 0.324410 0.328430 
0.150050 0.151730 0.056900 0.068560 
0.038280 0.051900 0.325990 0.328630 
0.005800 0.020240 0.100060 0.110940 
0.226860 0.229240 0.184100 0.198780 
0.121500 0.135480 0.212400 0.226080 
0.282970 0.289510 0.318610 0.333310 
0.302350 0.310070 0.077580 0.092420 
0.082360 0.092060 0.245940 0.261520 
0.300040 0.308040 0.181210 0.187370 
0.173390 0.178990 0.268500 0.270640 
0.299800 0.311220 0.131460 0.144600 
0.129650 0.145110 0.164660 0.176880 
0.186180 0.199600 0.016330 0.029290 
0.043330 0.058570 0.115200 0.121580 
0.257050 0.266610 0.126640 0.133260 
0.147880 0.159780 0.076090 0.090070 
0.041780 0.043300 0.055720 0.070340 
0.131010 0.132750 0.227150 0.238610 
0.021270 0.036730 0.080560 0.096020 
0.004090 0.014830 0.295870 0.298270 
0.087120 0.093900 0.149070 0.151670 
0.014470 0.015630 0.197760 0.201760 
0.133370 0.138710 0.149790 0.165550 
0.077560 0.078920 0.321410 0.328330 
0.076250 0.088070 0.222200 0.231600 
0.303530 0.314990 0.034290 0.041950 
0.105230 0.119630 0.233930 0.240490 
0.157490 0.161810 0.226040 0.235540 
0.174190 0.178970 0.311290 0.316250 
0.145210 0.154930 0.193660 0.206700 
0.138170 0.148550 0.066940 0.082020 
0.228830 0.243170 0.126240 0.129440 
0.092170 0.107510 0.070120 0.082020 
0.114300 0.128720 0.081050 0.085450 
0.177450 0.184570 0.311230 0.320610 
0.289530 0.303930 0.325000 0.329300 
0.156280 0.170400 0.055200 0.070280 
0.083820 0.093240 0.222490 0.225930 
0.254990 0.259910 0.048490 0.058070 
0.234860 0.244600 0.025000 0.029740 
0.236630 0.249610 0.047710 0.056970 
0.190310 0.203990 0.105840 0.117360 
0.088760 0.103200 0.114280 0.126240 
0.146440 0.154080 0.022050 0.025590 
0.080310 0.095530 0.288590 0.291310 
0.222970 0.233270 0.034960 0.043700 
0.078660 0.094540 0.091400 0.101000 
0.065770 0.080090 0.048640 0.057200 
0.202210 0.212370 0.232800 0.234780 
0.102290 0.110410 0.266490 0.281270 
0.059470 0.068810 0.281210 0.284510 
0.263810 0.273630 0.239940 0.243480 
0.269330 0.278890 0.318850 0.332370 
0.027410 0.028690 0.091430 0.097750 
0.308440 0.322680 0.226520 0.229900 
0.311880 0.316180 0.156050 0.160930 
0.270260 0.285800 0.188480 0.196420 
0.160690 0.175990 0.165880 0.169500 
0.270800 0.283680 0.279460 0.287440 
0.230570 0.239750 0.081590 0.083670 
0.156170 0.157610 0.243090 0.245010 
0.309000 0.316140 0.137940 0.146860 
0.032720 0.039300 0.257360 0.264760 
0.161600 0.169940 0.283300 0.290100 
0.091340 0.093740 0.105940 0.120020 
0.301060 0.306140 0.243510 0.249590 
0.131030 0.135110 0.168650 0.182490 
0.114060 0.125800 0.090920 0.102100 
0.305120 0.315160 0.177150 0.185070 
0.318600 0.333780 0.133890 0.147590 
0.076950 0.082250 0.159140 0.165540 
0.042020 0.050380 0.052640 0.068260 
0.094560 0.108580 0.101740 0.113880 
0.289310 0.303570 0.087000 0.100880 
0.135620 0.147020 0.151750 0.158650 
0.024120 0.038380 0.301900 0.312080 
0.123160 0.126360 0.267960 0.272400 
0.006510 0.011290 0.083940 0.089280 
0.312680 0.314820 0.271820 0.286540 
0.024020 0.035960 0.067360 0.072240 
0.123270 0.136270 0.212550 0.225250 
0.222170 0.234970 0.088730 0.097650 
0.100140 0.106660 0.317800 0.327320 
0.060940 0.062000 0.002630 0.016270 
0.254360 0.265100 0.153810 0.164050 
0.307760 0.309660 0.142200 0.157820 
0.018040 0.032580 0.255270 0.256530 
0.198100 0.202980 0.194680 0.198280 
0.161530 0.175450 0.215490 0.231150 
0.130500 0.135040 0.287820 0.295460 
0.183800 0.197740 0.261010 0.268130 
0.196490 0.209810 0.254770 0.256990 
0.265600 0.276660 0.271140 0.277440 
0.120870 0.131910 0.313400 0.316140 
0.040150 0.055030 0.101310 0.109410 
0.079740 0.091400 0.029220 0.031680 
0.184240 0.197220 0.034810 0.043790 
0.308770 0.324210 0.221610 0.227730 
0.172600 0.187760 0.170770 0.174950 
0.207320 0.221960 0.218780 0.225340 
0.029490 0.041410 0.229600 0.236900 
0.024500 0.027700 0.013480 0.018600 
0.030240 0.032920 0.054220 0.062040 
0.058980 0.069300 0.235480 0.242700 
0.056440 0.070860 0.210180 0.220020 
0.129240 0.143160 0.190310 0.199150 
0.035190 0.048410 0.028610 0.039990 
0.185040 0.197240 0.276960 0.280980 
0.022600 0.030680 0.299500 0.310980 
0.058240 0.064020 0.307160 0.311320 
0.129650 0.140550 0.080000 0.084120 
0.121640 0.136360 0.127740 0.137380 
0.121230 0.122590 0.056580 0.063660 
0.145790 0.154730 0.146040 0.148520 
0.204960 0.218160 0.178890 0.184610 
0.008640 0.014580 0.165080 0.169100 
0.078210 0.088150 0.206320 0.210560 
0.162040 0.177840 0.293630 0.307050 
0.106990 0.109730 0.249210 0.254930 
0.077190 0.091470 0.144620 0.155520 
0.253020 0.255360 0.276530 0.287530 
0.205340 0.217860 0.258810 0.274790 
0.073350 0.087190 0.144770 0.154090 
0.184400 0.191520 0.099230 0.109070 
0.054600 0.060840 0.133290 0.137010 
0.164040 0.177660 0.127530 0.140530 
0.056460 0.061400 0.115790 0.127210 
0.176490 0.183930 0.014350 0.019150 
0.001220 0.005520 0.214220 0.229000 
0.312920 0.323640 0.173700 0.177600 
0.079460 0.088180 0.100770 0.116150 
0.127640 0.138260 0.209110 0.212250 
0.257860 0.268020 0.066130 0.079210 
0.318220 0.329000 0.128480 0.130680 
0.290840 0.301980 0.020510 0.026650 
0.101370 0.106970 0.139290 0.152830 
0.169670 0.178770 0.090100 0.099520 
0.287500 0.288580 0.062530 0.073830 
0.041770 0.055270 0.048360 0.053440 
0.226510 0.237790 0.121590 0.133070 
0.226360 0.232500 0.075400 0.078820 
0.288770 0.301130 0.000890 0.013090 
0.192950 0.206970 0.077300 0.089460 
0.130310 0.138810 0.215100 0.216360 
0.037150 0.042910 0.044540 0.053300 
0.261980 0.276100 0.112980 0.116500 
0.080620 0.083700 0.236470 0.245570 
0.151310 0.158950 0.028500 0.040860 
0.141420 0.145440 0.058880 0.060240 
0.060170 0.063910 0.058970 0.062990 
0.038520 0.043480 0.262630 0.277830 
0.153830 0.161310 0.165200 0.173760 
0.024840 0.034940 0.170270 0.173610 
0.279650 0.286590 0.323210 0.326510 
0.044260 0.047460 0.183280 0.193160 
0.318220 0.319740 0.014570 0.020730 
0.188170 0.200450 0.190580 0.205600 
0.124040 0.126860 0.263190 0.276470 
0.074520 0.076360 0.028750 0.041710 
0.185340 0.195560 0.153550 0.157030 
0.014800 0.017720 0.134880 0.139080 
0.296450 0.307930 0.294510 0.296690 
0.131580 0.133240 0.019470 0.025330 
0.303330 0.318150 0.250240 0.254920 
0.166080 0.170120 0.095780 0.106800 
0.183060 0.198500 0.048030 0.052830 
0.001800 0.014460 0.209620 0.214800 
0.156130 0.170070 0.148680 0.159940 
0.005130 0.018130 0.305970 0.308330 
0.082180 0.098160 0.181820 0.189680 
0.225070 0.237790 0.299720 0.308380 
0.011130 0.012590 0.233330 0.236370 
0.192240 0.203220 0.257250 0.271170 
0.217960 0.227120 0.195770 0.201070 
0.120430 0.126170 0.058890 0.070650 
0.123810 0.128270 0.073880 0.074900 
0.074510 0.090110 0.237190 0.240010 
0.198190 0.211870 0.169220 0.171240 
0.135970 0.144030 0.202830 0.209290 
0.153200 0.159780 0.126410 0.133170 
0.115470 0.127650 0.101860 0.103560 
0.060480 0.063920 0.066050 0.079550 
0.021950 0.037750 0.099900 0.104400 
0.052440 0.065240 0.083280 0.091020 
0.247900 0.251660 0.127480 0.133940 
0.188100 0.190220 0.039110 0.042890 
0.028600 0.030940 0.194070 0.203990 
0.146100 0.153400 0.296190 0.310690 
0.073640 0.078800 0.200100 0.201960 
0.143560 0.146220 0.289310 0.299150 
0.022760 0.033620 0.162720 0.164460 
0.220710 0.228670 0.100470 0.110670 
0.309440 0.319720 0.289320 0.293280 
0.137530 0.138870 0.169710 0.174070 
0.232290 0.246450 0.092200 0.101740 
0.210620 0.215420 0.284650 0.287730 
0.152730 0.165050 0.272900 0.286720 
0.020950 0.031550 0.147720 0.148840 
0.001290 0.003970 0.221240 0.232020 
0.248550 0.259990 0.125300 0.135420 
0.059550 0.067050 0.303720 0.306660 
0.208960 0.211940 0.277530 0.290450 
0.069510 0.077030 0.104540 0.120080 
0.072270 0.086050 0.096370 0.101790 
0.105020 0.116960 0.121710 0.130330 
0.112700 0.128420 0.051070 0.063070 
0.275620 0.279380 0.190720 0.198920 
0.239280 0.255160 0.006680 0.018480 
0.015450 0.020830 0.145240 0.147980 
0.281530 0.285310 0.099990 0.107070 
0.003420 0.018900 0.255520 0.260020 
0.118290 0.125950 0.261650 0.267010 
0.073210 0.077970 0.036720 0.050000 
0.148670 0.156850 0.039210 0.046890 
0.143430 0.157230 0.031140 0.035620 
0.011680 0.025200 0.013490 0.025190 
0.051500 0.066520 0.094530 0.101590 
0.297200 0.309720 0.257730 0.264690 
0.015890 0.025550 0.194080 0.206580 
0.211430 0.217570 0.273040 0.277180 
0.155590 0.170290 0.274230 0.289170 
0.277180 0.283780 0.111670 0.121870 
0.175450 0.187070 0.153920 0.167660 
0.299470 0.307750 0.172240 0.187540 
0.313670 0.317050 0.216220 0.219640 
0.113710 0.115250 0.039890 0.048510 
0.218350 0.221210 0.091310 0.099490 
0.144610 0.152890 0.132890 0.134230 
0.093030 0.101410 0.191610 0.202430 
0.255730 0.260330 0.061640 0.070380 
0.141970 0.146470 0.179940 0.183320 
0.110510 0.125950 0.272580 0.280000 
0.130550 0.140470 0.095550 0.104010 
0.111090 0.121390 0.170860 0.179160 
0.123900 0.135320 0.059960 0.065220 
0.299840 0.308900 0.215640 0.226180 
0.229340 0.232520 0.077810 0.088170 
0.240240 0.243760 0.099980 0.105320 
0.134860 0.145920 0.251370 0.262050 
0.115660 0.129540 0.073360 0.083760 
0.263760 0.272200 0.138600 0.141540 
0.057490 0.058650 0.135250 0.141190 
0.203000 0.216100 0.042270 0.053910 
0.090700 0.095400 0.148690 0.158850 
0.227430 0.233370 0.186620 0.199460 
0.192750 0.194130 0.300680 0.316600 
0.082700 0.089880 0.102560 0.116820 
0.186040 0.201720 0.167510 0.181890 
0.093890 0.101030 0.001840 0.009640 
0.028510 0.035510 0.037650 0.046750 
0.210210 0.220710 0.099240 0.111120 
0.263230 0.275690 0.240030 0.245190 
0.028410 0.035850 0.276870 0.279790 
0.275000 0.281040 0.095420 0.110380 
0.050960 0.065580 0.283930 0.288830 
0.311520 0.322780 0.128270 0.142870 
0.007090 0.017670 0.305260 0.319820 
0.291690 0.295550 0.250730 0.260630 
0.014650 0.020030 0.137730 0.145490 
0.116960 0.120300 0.249330 0.251750 
0.117110 0.118830 0.261850 0.267230 
0.022050 0.025930 0.205490 0.211610 
0.077410 0.092730 0.316420 0.325120 
0.175960 0.187940 0.248120 0.255200 
0.160890 0.162630 0.188270 0.196430 
0.081190 0.087030 0.249780 0.254400 
0.197980 0.207300 0.019890 0.032350 
0.018160 0.026900 0.168470 0.171850 
0.305720 0.320040 0.091160 0.101260 
0.108010 0.111350 0.179330 0.190970 
0.306600 0.313540 0.281730 0.291750 
0.223070 0.236470 0.024450 0.033650 
0.033240 0.041480 0.252870 0.254250 
0.123530 0.138870 0.072170 0.080250 
0.303610 0.307950 0.016420 0.023960 
0.087450 0.092410 0.068010 0.070010 
0.160150 0.169250 0.010330 0.024470 
0.033510 0.044650 0.252870 0.265750 
0.294140 0.307020 0.174700 0.177400 
0.064300 0.076700 0.247870 0.249750 
0.272480 0.283800 0.214280 0.216660 
0.018080 0.025920 0.230090 0.234170 
0.050620 0.062040 0.061300 0.075980 
0.270950 0.280090 0.045740 0.052600 
0.314290 0.327330 0.078940 0.087400 
0.220490 0.223230 0.006780 0.018960 
0.047780 0.056460 0.266200 0.275660 
0.153580 0.158600 0.001930 0.009570 
0.224730 0.238750 0.155220 0.164020 
0.078640 0.089140 0.140530 0.146930 
0.111730 0.114810 0.181990 0.183950 
0.092270 0.102670 0.265880 0.270100 
0.223550 0.229590 0.300450 0.301510 
0.245350 0.259330 0.148910 0.160850 
0.099210 0.102410 0.148700 0.162960 
0.203100 0.206140 0.251830 0.256570 
0.298080 0.310220 0.197160 0.207240 
0.159000 0.170440 0.170070 0.175370 
0.057710 0.068810 0.307530 0.317590 
0.137280 0.148400 0.036280 0.041820 
0.016630 0.018190 0.017510 0.020210 
0.166760 0.179440 0.097200 0.105660 
0.315620 0.329040 0.074860 0.081060 
0.184320 0.194560 0.135720 0.149880 
0.172730 0.182950 0.058250 0.069710 
0.180740 0.195620 0.158270 0.172850 
0.263140 0.264380 0.175920 0.183000 
0.015730 0.028010 0.049490 0.055330 
0.216740 0.222280 0.068930 0.084090 
0.130650 0.140130 0.164910 0.173450 
0.013990 0.016130 0.251450 0.265350 
0.293080 0.296600 0.281370 0.295470 
0.296310 0.299230 0.161030 0.165770 
0.238080 0.245160 0.109580 0.110980 
0.071980 0.081760 0.134240 0.145400 
0.298050 0.313150 0.067010 0.073530 
0.260830 0.269670 0.098530 0.108050 
0.006490 0.015830 0.136380 0.143240 
0.298340 0.299520 0.114950 0.123350 
0.245830 0.247750 0.222520 0.226320 
0.281290 0.291210 0.286330 0.290790 
0.150230 0.151530 0.185910 0.200170 
0.161990 0.171690 0.260280 0.271520 
0.178770 0.186050 0.191550 0.197050 
0.134800 0.146120 0.040080 0.051920 
0.233920 0.237100 0.270790 0.281770 
0.070730 0.072830 0.048080 0.061940 
0.001630 0.012030 0.287170 0.299050 
0.159370 0.170570 0.210130 0.224430 
0.298300 0.311720 0.096720 0.099760 
0.279720 0.293360 0.290650 0.293350 
0.053740 0.064780 0.017360 0.031520 
0.227140 0.233540 0.166540 0.171220 
0.160800 0.175920 0.007820 0.016400 
0.265250 0.273150 0.116430 0.129290 
0.097770 0.101590 0.004110 0.010670 
0.034290 0.044010 0.283680 0.287380 
0.135340 0.149820 0.129350 0.138430 
0.112330 0.124130 0.110350 0.116270 
0.023720 0.026200 0.139900 0.141380 
0.120330 0.133470 0.135040 0.144060 
0.038810 0.049090 0.277260 0.285400 
0.252670 0.255990 0.125350 0.138410 
0.162730 0.164270 0.006250 0.018690 
0.219580 0.230180 0.148320 0.150600 
0.191530 0.193030 0.201910 0.204110 
0.035540 0.045100 0.275490 0.288590 
0.315930 0.329070 0.066820 0.074400 
0.056190 0.065270 0.136990 0.143650 
0.171470 0.179510 0.294050 0.306790 
0.136110 0.146530 0.100690 0.112990 
0.123210 0.133350 0.178010 0.190490 
0.208810 0.215630 0.253310 0.263090 
0.240520 0.247580 0.052260 0.057240 
0.109340 0.112600 0.302670 0.317010 
0.265880 0.268160 0.276850 0.277970 
0.278710 0.289790 0.075070 0.088710 
0.072520 0.084360 0.125450 0.131570 
0.229770 0.241470 0.134320 0.149420 
0.318160 0.328260 0.234770 0.243250 
0.128290 0.135270 0.047320 0.059940 
0.104820 0.114580 0.277840 0.290440 
0.036570 0.040350 0.056920 0.063980 
0.072640 0.078100 0.072190 0.073270 
0.255110 0.269150 0.262180 0.277360 
0.103000 0.104860 0.172280 0.180240 
0.285810 0.290850 0.168970 0.179670 
0.273550 0.288170 0.118650 0.120470 
0.287360 0.294620 0.054310 0.061310 
0.135080 0.145540 0.241400 0.251260 
0.294480 0.305560 0.014500 0.027560 
0.173590 0.174930 0.240730 0.255650 
0.052480 0.066340 0.313820 0.317360 
0.166330 0.171630 0.280010 0.286910 
0.159800 0.164240 0.094970 0.109250 
0.092890 0.104970 0.201830 0.204810 
0.006750 0.019550 0.261410 0.275050 
0.158240 0.168880 0.168980 0.180040 
0.251760 0.257480 0.246840 0.261720 
0.026640 0.039620 0.279300 0.283840 
0.182400 0.190480 0.286950 0.297330 
0.004820 0.013700 0.273530 0.278890 
0.239250 0.240330 0.264640 0.280440 
0.048900 0.060480 0.016200 0.022100 
0.061880 0.071680 0.046570 0.056170 
0.326610 0.328230 0.006000 0.014140 
0.121630 0.128010 0.028210 0.033890 
0.036320 0.043160 0.056030 0.057810 
0.057750 0.072870 0.197830 0.202030 
0.216270 0.224470 0.075520 0.090660 
0.191670 0.194530 0.245720 0.247780 
0.299490 0.315170 0.123520 0.138560 
0.261160 0.271300 0.233140 0.247980 
0.243830 0.257150 0.204920 0.209900 
0.262720 0.266880 0.028880 0.037260 
0.012100 0.020520 0.152860 0.161460 
0.129970 0.137350 0.092250 0.101910 
0.127280 0.131320 0.150340 0.157400 
0.262470 0.274750 0.200160 0.213000 
0.224560 0.236520 0.274000 0.282280 
0.152300 0.164520 0.116990 0.132850 
0.310200 0.320920 0.213830 0.220690 
0.293880 0.304240 0.286010 0.301970 
0.269160 0.282040 0.174030 0.177530 
0.163910 0.178910 0.036500 0.048740 
0.285230 0.289570 0.283150 0.293570 
0.089780 0.097280 0.239320 0.252000 
0.311340 0.312920 0.150230 0.157270 
0.124150 0.133630 0.089360 0.094680 
0.205510 0.218250 0.244950 0.258650 
0.098430 0.102470 0.199880 0.203000 
0.309140 0.324280 0.199360 0.213560 
0.048970 0.061590 0.290240 0.297020 
0.145550 0.151410 0.114840 0.126920 
0.191160 0.202300 0.256390 0.257730 
0.230890 0.241210 0.062700 0.070960 
0.037180 0.048980 0.085940 0.095900 
0.108820 0.122480 0.085140 0.089800 
0.169700 0.176220 0.192060 0.201880 
0.290770 0.298330 0.027850 0.040370 
0.193880 0.206120 0.276320 0.283800 
0.036300 0.040320 0.267480 0.273060 
0.130060 0.144500 0.226340 0.234660 
0.221330 0.234910 0.015930 0.030850 
0.058500 0.070000 0.069830 0.071750 
0.012110 0.018070 0.020790 0.028130 
0.290130 0.297070 0.289700 0.298620 
0.296190 0.310170 0.135850 0.150870 
0.301040 0.308060 0.117030 0.127590 
0.035960 0.047360 0.280060 0.288440 
0.177770 0.180470 0.285950 0.297430 
0.086910 0.087910 0.262630 0.276450 
0.317560 0.331260 0.073280 0.075840 
0.053820 0.059560 0.072390 0.086470 
0.095070 0.103930 0.031960 0.044440 
0.236330 0.250330 0.050590 0.052790 
0.129200 0.137140 0.255940 0.263620 
0.019570 0.030890 0.075250 0.090010 
0.025940 0.041120 0.260040 0.269140 
0.006740 0.020660 0.212300 0.228060 
0.288010 0.295790 0.276710 0.283790 
0.128600 0.133360 0.086810 0.094250 
0.121140 0.135140 0.032180 0.046040 
0.259610 0.274450 0.115880 0.124840 
0.123050 0.125270 0.259450 0.262050 
0.164380 0.171720 0.146530 0.152550 
0.255830 0.268530 0.053100 0.060800 
0.270530 0.283190 0.247310 0.260650 
0.012300 0.016260 0.085380 0.091680 
0.074320 0.075660 0.223220 0.237100 
0.210880 0.219260 0.286040 0.295660 
0.093610 0.103630 0.242000 0.256560 
0.302100 0.309560 0.286190 0.296550 
0.144480 0.159640 0.170770 0.181310 
0.262210 0.268970 0.244180 0.254840 
0.019400 0.024560 0.066330 0.075970 
0.201500 0.217060 0.166530 0.174110 
0.119990 0.121670 0.174120 0.189580 
0.003010 0.010290 0.131640 0.132820 
0.115160 0.118240 0.066520 0.081440 
0.293990 0.304290 0.305440 0.316040 
0.015740 0.024680 0.030020 0.033800 
0.146280 0.148700 0.201820 0.206240 
0.132250 0.142010 0.011400 0.024360 
0.156430 0.161230 0.274390 0.276030 
0.153600 0.168160 0.059010 0.070970 
0.065700 0.067600 0.100500 0.105020 
0.119770 0.123010 0.301300 0.306400 
0.141320 0.156260 0.262680 0.276220 
0.316140 0.321860 0.311990 0.317410 
0.321890 0.333050 0.178750 0.180090 
0.188200 0.195820 0.233590 0.243190 
0.202800 0.206160 0.071010 0.075730 
0.287760 0.289440 0.149610 0.156690 
0.104100 0.110820 0.177350 0.186370 
0.251310 0.262690 0.056610 0.069490 
0.159190 0.163610 0.163740 0.168540 
0.275640 0.286760 0.004670 0.009890 
0.270500 0.284480 0.272360 0.277180 
0.075910 0.086550 0.286610 0.299590 
0.260440 0.265260 0.247570 0.258810 
0.078590 0.085410 0.209990 0.225030 
0.023440 0.027160 0.275200 0.289280 
0.191340 0.195360 0.270890 0.278330 
0.120810 0.135950 0.311310 0.313590 
0.030780 0.031940 0.119980 0.133000 
0.200510 0.208050 0.118800 0.132160 
0.298190 0.311950 0.135130 0.142290 
0.164990 0.166810 0.123470 0.129510 
0.156760 0.158940 0.102050 0.106290 
0.228250 0.234270 0.292400 0.294080 
0.196410 0.208270 0.049500 0.062280 
0.085410 0.089790 0.226100 0.236140 
0.106410 0.108770 0.217300 0.222000 
0.138080 0.150960 0.267370 0.270070 
0.038390 0.043270 0.077810 0.078910 
0.018160 0.033280 0.226530 0.239250 
0.215090 0.226390 0.166620 0.181200 
0.045100 0.049380 0.214250 0.215630 
0.030300 0.037460 0.267830 0.274830 
0.075320 0.082820 0.307130 0.322750 
0.227790 0.235610 0.160710 0.174610 
0.207430 0.216010 0.013010 0.019570 
0.274060 0.289540 0.242580 0.248980 
0.017250 0.021030 0.000180 0.014140 
0.217200 0.222880 0.324390 0.328250 
0.223210 0.230030 0.026060 0.031480 
0.111070 0.122710 0.015600 0.030180 
0.020650 0.023050 0.258120 0.265700 
0.197220 0.211960 0.217800 0.224280 
0.053380 0.068980 0.083310 0.095170 
0.291540 0.303660 0.033270 0.043470 
0.197840 0.203340 0.312850 0.319390 
0.005110 0.014110 0.304760 0.305940 
0.236940 0.252800 0.010660 0.026540 
0.050940 0.061980 0.236540 0.252180 
0.194270 0.195450 0.177850 0.190310 
0.156380 0.157760 0.052520 0.063160 
0.097730 0.109250 0.013110 0.023030 
0.153020 0.157640 0.245840 0.249980 
0.208900 0.223400 0.060990 0.065130 
0.020060 0.021260 0.224300 0.227480 
0.255070 0.266050 0.063330 0.065730 
0.223360 0.238200 0.141300 0.154960 
0.021450 0.031450 0.308410 0.313990 
0.317980 0.323780 0.236610 0.239950 
0.036840 0.051000 0.183310 0.197490 
0.103750 0.106810 0.024220 0.038720 
0.263320 0.270440 0.213500 0.225760 
0.239720 0.253920 0.282250 0.294250 
0.043770 0.051290 0.155120 0.162760 
0.317890 0.322390 0.042470 0.046490 
0.066520 0.073280 0.280120 0.294500 
0.320070 0.328370 0.303360 0.304600 
0.097250 0.106790 0.144180 0.154020 
0.167220 0.180820 0.307070 0.320850 
0.181800 0.197300 0.131040 0.132060 
0.284070 0.294670 0.020150 0.024170 
0.253020 0.258920 0.020230 0.030310 
0.127400 0.139060 0.156780 0.165400 
0.319450 0.332630 0.055010 0.062670 
0.065310 0.071910 0.301500 0.313040 
0.101010 0.115810 0.063990 0.079470 
0.023770 0.035710 0.017370 0.023490 
0.048470 0.058970 0.150790 0.158410 
0.186520 0.197440 0.000990 0.010330 
0.301070 0.312390 0.126910 0.134570 
0.169260 0.170660 0.299720 0.306460 
0.053360 0.063900 0.126610 0.140910 
0.067850 0.070470 0.224410 0.236230 
0.100000 0.114400 0.193800 0.197820 
0.049650 0.051790 0.088320 0.098460 
0.075480 0.077380 0.033660 0.049260 
0.312930 0.326830 0.301820 0.307900 
0.182160 0.191360 0.149290 0.153550 
0.088100 0.092880 0.131770 0.134710 
0.032110 0.038310 0.162320 0.165220 
0.111970 0.114030 0.009350 0.022630 
0.279500 0.287940 0.180030 0.186910 
0.241200 0.251400 0.219000 0.234920 
0.039180 0.054220 0.077500 0.091880 
0.262850 0.267950 0.151580 0.165240 
0.127840 0.143680 0.080390 0.085610 
0.296920 0.304000 0.177630 0.189030 
0.321660 0.328760 0.321170 0.328890 
0.155080 0.167680 0.137500 0.145980 
0.311100 0.317660 0.068270 0.080970 
0.025470 0.034970 0.087010 0.095290 
0.122350 0.138070 0.199550 0.215490 
0.096190 0.104870 0.032230 0.033630 
0.072530 0.087050 0.002750 0.010370 
0.126290 0.140150 0.159990 0.169390 
0.291940 0.302060 0.308540 0.316140 
0.181810 0.196750 0.105950 0.116790 
0.232170 0.247750 0.233250 0.242450 
0.278700 0.284280 0.000150 0.003370 
0.165910 0.177950 0.057540 0.060800 
0.120010 0.121630 0.169880 0.175560 
0.114370 0.120290 0.096440 0.101720 
0.039790 0.047290 0.161420 0.169080 
0.022910 0.031850 0.053200 0.058560 
0.119940 0.124740 0.203570 0.219270 
0.072930 0.076910 0.088260 0.094620 
0.133640 0.140580 0.209160 0.213080 
0.133540 0.148580 0.277120 0.291800 
0.158680 0.174060 0.162870 0.167230 
0.158270 0.172250 0.002840 0.013540 
0.185300 0.188440 0.109720 0.118520 
0.202220 0.206780 0.090670 0.094950 
0.090980 0.103860 0.061950 0.076130 
0.148310 0.162610 0.137940 0.144940 
0.270940 0.276260 0.053720 0.064700 
0.009850 0.015070 0.123610 0.134670 
0.287650 0.297950 0.183720 0.185940 
0.155860 0.171460 0.093670 0.095210 
0.200120 0.208520 0.249700 0.260960 
0.222530 0.223750 0.001080 0.011220 
0.034870 0.037370 0.290650 0.305790 
0.172620 0.183760 0.288580 0.299100 
0.019090 0.030330 0.223670 0.227670 
0.053590 0.059630 0.245530 0.250170 
0.125700 0.141360 0.082450 0.094330 
0.187760 0.195440 0.220250 0.235190 
0.003020 0.014040 0.234310 0.246290 
0.111940 0.113800 0.192680 0.207760 
0.087670 0.090450 0.289120 0.304160 
0.282520 0.296020 0.015820 0.022940 
0.250830 0.258930 0.171720 0.180900 
0.192090 0.201250 0.124910 0.129250 
0.075250 0.082090 0.081390 0.086050 
0.250990 0.266950 0.069630 0.080790 
0.053690 0.066530 0.209200 0.224220 
0.131110 0.132990 0.252060 0.265540 
0.320180 0.323420 0.161620 0.173960 
0.285130 0.293150 0.044700 0.050100 
0.109390 0.118910 0.163220 0.176660 
0.268570 0.274910 0.077440 0.087900 
0.180970 0.188390 0.175350 0.182250 
0.299270 0.303110 0.108050 0.114650 
0.022390 0.032050 0.060000 0.061680 
0.056920 0.070800 0.214750 0.221070 
0.163510 0.175190 0.225880 0.238360 
0.235470 0.246190 0.208110 0.219830 
0.321270 0.324270 0.120590 0.131550 
0.223140 0.233240 0.128600 0.138740 
0.275120 0.280880 0.059090 0.063050 
0.238650 0.241410 0.196050 0.197070 
0.266160 0.267180 0.276810 0.286530 
0.256790 0.258490 0.233020 0.242960 
0.129850 0.141890 0.120070 0.125530 
0.079080 0.089880 0.122060 0.129740 
0.133880 0.145680 0.170410 0.177450 
0.110310 0.115430 0.073140 0.075400 
0.093440 0.099000 0.218750 0.233910 
0.154550 0.169670 0.210100 0.216160 
0.040020 0.051060 0.006960 0.021100 
0.057210 0.064710 0.150810 0.153030 
0.230530 0.232530 0.075600 0.083440 
0.143350 0.145650 0.249130 0.251710 
0.180900 0.194920 0.264720 0.275260 
0.139880 0.148060 0.223620 0.237300 
0.050310 0.056590 0.152060 0.166520 
0.242380 0.255420 0.084210 0.088670 
0.039210 0.054830 0.009660 0.012880 
0.302200 0.314580 0.287510 0.294630 
0.146100 0.148060 0.181880 0.194980 
0.260960 0.274440 0.223690 0.229470 
0.302110 0.308470 0.318240 0.322240 
0.208710 0.221170 0.087110 0.100930 
0.163980 0.165320 0.117280 0.131740 
0.317200 0.321760 0.205200 0.214840 
0.159140 0.160580 0.270870 0.283370 
0.167460 0.182640 0.313850 0.323830 
0.182150 0.191630 0.087630 0.095530 
0.189050 0.194970 0.110730 0.123310 
0.270710 0.272450 0.211020 0.216220 
0.109960 0.114540 0.308100 0.316660 
0.079710 0.089130 0.050410 0.064630 
0.140400 0.154720 0.108520 0.111060 
0.241370 0.249590 0.014390 0.017970 
0.176980 0.179500 0.005240 0.015120 
0.268200 0.279580 0.060560 0.062240 
0.164570 0.176450 0.281000 0.282880 
0.064810 0.071510 0.273010 0.275810 
0.088830 0.090710 0.257760 0.272240 
0.101980 0.111000 0.034790 0.045950 
0.211410 0.212690 0.101560 0.110140 
0.301650 0.311570 0.109330 0.121430 
0.172120 0.183440 0.165220 0.175020 
0.045450 0.055310 0.230170 0.244930 
0.115400 0.117720 0.030070 0.041770 
0.089750 0.102450 0.103750 0.118330 
0.272140 0.274120 0.037510 0.038990 
0.230230 0.235910 0.234860 0.243260 
0.295750 0.306910 0.039020 0.045920 
0.116950 0.126090 0.059740 0.074760 
0.021960 0.028900 0.274490 0.277870 
0.261700 0.277360 0.200190 0.212310 
0.317740 0.332660 0.296550 0.311630 
0.186980 0.193760 0.061300 0.070460 
0.232290 0.242250 0.280190 0.283670 
0.058350 0.066870 0.184660 0.187000 
0.010530 0.013470 0.157800 0.160500 
0.182100 0.185860 0.015040 0.026040 
0.275340 0.288160 0.161970 0.171970 
0.164940 0.176040 0.266860 0.268940 
0.106090 0.121790 0.092880 0.103220 
0.024150 0.029510 0.258430 0.266370 
0.016310 0.022290 0.195630 0.203770 
0.111180 0.124600 0.118470 0.133710 
0.263130 0.265850 0.168630 0.176070 
0.254240 0.256520 0.099470 0.102570 
0.229990 0.241350 0.301400 0.303040 
0.168740 0.180760 0.225740 0.232280 
0.131040 0.141960 0.212370 0.220150 
0.082620 0.091360 0.134430 0.139910 
0.020310 0.024170 0.017090 0.027470 
0.220560 0.231520 0.223200 0.236380 
0.289800 0.301320 0.049120 0.053240 
0.320420 0.328700 0.018800 0.032200 
0.253240 0.268080 0.291760 0.293920 
0.167870 0.173490 0.256780 0.263880 
0.044740 0.059860 0.097790 0.108310 
0.286960 0.288360 0.193490 0.203370 
0.061550 0.070750 0.320600 0.333360 
0.107570 0.122610 0.302090 0.315030 
0.176960 0.191800 0.299160 0.306260 
0.239820 0.250100 0.144530 0.151930 
0.100240 0.114200 0.229620 0.231480 
0.186320 0.200160 0.173610 0.187630 
0.116890 0.126230 0.173720 0.178520 
0.122850 0.131450 0.187220 0.193420 
0.199300 0.211440 0.155110 0.159310 
0.119670 0.126070 0.175200 0.187180 
0.285180 0.293960 0.185210 0.189390 
0.315400 0.318000 0.287300 0.297980 
0.232720 0.240520 0.165330 0.171950 
0.274690 0.281550 0.085550 0.088550 
0.162980 0.177180 0.276030 0.285770 
0.091010 0.095130 0.000660 0.004620 
0.314920 0.324460 0.111750 0.127630 
0.017320 0.032100 0.136450 0.151130 
0.163520 0.176880 0.081820 0.094080 
0.129800 0.136800 0.006800 0.020380 
0.182960 0.198340 0.122490 0.127330 
0.175510 0.189910 0.170260 0.172540 
0.237970 0.253730 0.026410 0.038490 
0.156050 0.166830 0.240550 0.249470 
0.252970 0.268550 0.080860 0.095720 
0.101040 0.113400 0.178130 0.179190 
0.183570 0.193330 0.302860 0.311840 
0.214350 0.222390 0.121870 0.136850 
0.259160 0.270480 0.180180 0.189920 
0.243800 0.248220 0.033060 0.047760 
0.039890 0.044350 0.232060 0.242320 
0.289830 0.292850 0.129490 0.135930 
0.009730 0.019750 0.291600 0.305160 
0.312140 0.316560 0.063950 0.067610 
0.307090 0.315350 0.095350 0.099210 
0.311100 0.318500 0.094840 0.104820 
0.286810 0.301410 0.308020 0.319980 
0.230900 0.239040 0.166800 0.180440 
0.277340 0.290940 0.143940 0.149800 
0.052700 0.058600 0.146540 0.161480 
0.238220 0.248020 0.138690 0.152770 
0.233540 0.235480 0.214290 0.221930 
0.189000 0.196120 0.287710 0.302530 
0.314600 0.320080 0.251650 0.254490 
0.048690 0.050650 0.175060 0.176160 
0.235240 0.238480 0.094520 0.097060 
0.040710 0.055230 0.255420 0.264300 
0.235800 0.244420 0.003950 0.017310 
0.079720 0.086380 0.228840 0.243480 
0.008120 0.021960 0.068080 0.083620 
0.305380 0.318660 0.084960 0.090280 
0.227700 0.233920 0.195650 0.203270 
0.274290 0.282590 0.144580 0.157960 
0.114270 0.117390 0.190230 0.205790 
0.041900 0.057700 0.317120 0.324920 
0.184610 0.187730 0.107480 0.112020 
0.272880 0.279940 0.168830 0.179510 
0.299530 0.311490 0.070010 0.080290 
0.031900 0.045080 0.083190 0.086050 
0.066290 0.079130 0.185270 0.200410 
0.224010 0.239650 0.114070 0.123230 
0.035010 0.050590 0.147240 0.149620 
0.122180 0.130660 0.314170 0.329930 
0.194320 0.201900 0.026480 0.036260 
0.211390 0.225270 0.189220 0.201360 
0.024760 0.026020 0.072200 0.084540 
0.003500 0.019440 0.322940 0.331460 
0.006680 0.009680 0.033700 0.035780 
0.130900 0.137520 0.209710 0.223770 
0.037950 0.040130 0.212740 0.214920 
0.137140 0.139100 0.316840 0.321820 
0.212290 0.220710 0.132430 0.146270 
0.229680 0.242360 0.249680 0.264760 
0.098710 0.100990 0.264920 0.274640 
0.203680 0.211420 0.183030 0.195790 
0.206500 0.212980 0.244310 0.246590 
0.249890 0.259130 0.240700 0.244720 
0.244600 0.254760 0.181050 0.188470 
0.284420 0.294080 0.294420 0.298560 
0.208880 0.216160 0.129150 0.131890 
0.064040 0.077380 0.041990 0.054270 
0.281650 0.295570 0.050800 0.065840 
0.072090 0.086970 0.084630 0.092030 
0.173270 0.186790 0.041900 0.046760 
0.251340 0.261000 0.025280 0.035520 
0.189390 0.194490 0.039420 0.043200 
0.318580 0.332560 0.133610 0.135490 
0.010440 0.015640 0.032000 0.046840 
0.302370 0.310210 0.174430 0.187890 
0.211620 0.224280 0.054160 0.055440 
0.114750 0.125690 0.106800 0.119580 
0.035830 0.038450 0.104470 0.106570 
0.134000 0.146080 0.053980 0.067260 
0.067870 0.082890 0.003820 0.011100 
0.159090 0.172630 0.088580 0.097700 
0.119570 0.133570 0.146220 0.154980 
0.153060 0.154680 0.011340 0.013400 
0.162120 0.170400 0.168330 0.172410 
0.224420 0.226100 0.075620 0.077940 
0.204710 0.206470 0.193720 0.195820 
0.296510 0.307330 0.122340 0.135960 
0.184060 0.197600 0.069940 0.083500 
0.070130 0.077630 0.214630 0.226070 
0.102960 0.116380 0.061030 0.065930 
0.142880 0.157120 0.186390 0.200450 
0.214000 0.226600 0.101450 0.115030 
0.272560 0.284000 0.286760 0.296260 
0.137000 0.146680 0.010090 0.013150 
0.079330 0.093530 0.064910 0.068530 
0.321420 0.329160 0.196010 0.205330 
0.226800 0.240780 0.208680 0.213360 
0.113440 0.117080 0.038030 0.047430 
0.087160 0.094180 0.058140 0.064140 
0.194420 0.205380 0.021710 0.036270 
0.120040 0.131880 0.111120 0.125120 
0.206950 0.216070 0.294730 0.305110 
0.023630 0.035950 0.192660 0.194380 
0.106430 0.116570 0.301560 0.305040 
0.133420 0.148060 0.168260 0.173800 
0.201050 0.207770 0.270520 0.274740 
0.042620 0.050920 0.230660 0.240480 
0.288780 0.295000 0.204490 0.209470 
0.256630 0.259810 0.240230 0.244310 
0.255400 0.264920 0.279930 0.288890 
0.064390 0.078570 0.186820 0.195820 
0.132150 0.138050 0.086290 0.088890 
0.141180 0.144860 0.167630 0.173210 
0.253470 0.266810 0.240030 0.252010 
0.269390 0.273070 0.085970 0.098670 
0.261170 0.271170 0.219490 0.223710 
0.256220 0.261640 0.163050 0.170050 
0.066180 0.070080 0.106330 0.119530 
0.000670 0.001710 0.200940 0.216000 
0.032110 0.046570 0.209760 0.220480 
0.054320 0.068040 0.276470 0.281170 
0.127270 0.137370 0.100290 0.102450 
0.109510 0.117090 0.270430 0.273970 
0.292270 0.299790 0.171610 0.187170 
0.026150 0.028750 0.185420 0.194720 
0.289330 0.291210 0.224630 0.226970 
0.316150 0.320450 0.126560 0.131820 
0.112820 0.116140 0.165660 0.181040 
0.253140 0.266500 0.223470 0.234870 
0.062570 0.073230 0.198490 0.205090 
0.211110 0.226410 0.243690 0.258990 
0.108930 0.117870 0.124490 0.140370 
0.014100 0.015740 0.097940 0.101480 
0.179890 0.186970 0.084720 0.100200 
0.187460 0.191920 0.299680 0.302240 
0.110470 0.124050 0.150850 0.159670 
0.291400 0.302920 0.302520 0.311920 
0.110820 0.117780 0.028790 0.034670 
0.141380 0.143080 0.085240 0.089980 
0.046410 0.060490 0.044640 0.055780 
0.288530 0.296890 0.113180 0.118320 
0.148350 0.155130 0.116870 0.118650 
0.147010 0.156370 0.298850 0.314690 
0.156480 0.168940 0.154380 0.156600 
0.252120 0.256320 0.129320 0.141940 
0.289760 0.295900 0.250320 0.263940 
0.017030 0.018230 0.045840 0.048820 
0.230230 0.232370 0.265780 0.269200 
0.228290 0.231350 0.154290 0.155610 
0.102260 0.104040 0.252050 0.255730 
0.068450 0.079250 0.047440 0.050640 
0.224530 0.237350 0.200560 0.211380 
0.148750 0.154630 0.302200 0.312080 
0.224740 0.226700 0.191830 0.193090 
0.148680 0.163420 0.073270 0.074450 
0.298380 0.301380 0.042530 0.057650 
0.176500 0.188620 0.084140 0.097200 
0.210350 0.222810 0.275060 0.278640 
0.023290 0.033890 0.292830 0.299350 
0.216310 0.228470 0.121370 0.133610 
0.254270 0.269230 0.134680 0.145300 
0.198950 0.205830 0.030300 0.042900 
0.170340 0.178720 0.317810 0.321530 
0.119230 0.122870 0.088870 0.100510 
0.102630 0.114410 0.290100 0.300980 
0.053170 0.054550 0.272580 0.284720 
0.163240 0.171120 0.139290 0.152490 
0.296130 0.300550 0.014350 0.026350 
0.135160 0.150660 0.109750 0.120390 
0.129250 0.138230 0.023450 0.032770 
0.055590 0.061330 0.118670 0.122650 
0.139440 0.149040 0.127350 0.142650 
0.010220 0.013880 0.201130 0.204370 
0.234070 0.248590 0.052620 0.058100 
0.304440 0.314020 0.273350 0.280490 
0.265610 0.267750 0.094580 0.105940 
0.237370 0.248690 0.171080 0.176760 
0.221140 0.231720 0.212400 0.214980 
0.106390 0.113530 0.290180 0.297240 
0.151560 0.161960 0.276450 0.280530 
0.229190 0.242650 0.244660 0.260480 
0.273030 0.279330 0.048800 0.058460 
0.285250 0.292510 0.104630 0.116450 
0.108360 0.119440 0.161480 0.171260 
0.076050 0.090710 0.302370 0.307630 
0.265940 0.275500 0.077410 0.081210 
0.088100 0.100320 0.128220 0.139960 
0.209370 0.216310 0.118290 0.122590 
0.282800 0.294540 0.186230 0.188650 
0.263350 0.273170 0.252560 0.262920 
0.284960 0.288360 0.303030 0.312510 
0.288780 0.298340 0.246490 0.258350 
0.170380 0.177500 0.271780 0.282940 
0.097590 0.105610 0.150080 0.159640 
0.224360 0.230320 0.008920 0.011340 
0.235890 0.241350 0.003790 0.012790 
0.195230 0.207910 0.243170 0.254150 
0.071980 0.076620 0.077410 0.091230 
0.319080 0.323700 0.195150 0.211030 
0.201970 0.209810 0.040780 0.051780 
0.010520 0.020100 0.012040 0.020900 
0.201980 0.212820 0.063080 0.071660 
0.124940 0.130360 0.193220 0.197160 
0.094370 0.101170 0.317520 0.327540 
0.018360 0.030500 0.172270 0.186130 
0.292680 0.294300 0.272820 0.278040 
0.063950 0.066250 0.309340 0.314480 
0.038790 0.052670 0.049680 0.059340 
0.262210 0.267550 0.255380 0.265000 
0.312340 0.314580 0.058000 0.068260 
0.213530 0.225290 0.153950 0.157970 
0.175640 0.185560 0.148220 0.162740 
0.286530 0.299570 0.321890 0.330090 
0.071460 0.085520 0.107660 0.112640 
0.007230 0.011110 0.303460 0.305780 
0.178730 0.187310 0.300230 0.314390 
0.326010 0.327790 0.107410 0.119130 
0.073330 0.085250 0.095360 0.099820 
0.126000 0.137360 0.159890 0.163170 
0.144150 0.155030 0.047140 0.051980 
0.024250 0.030990 0.186610 0.201350 
0.310710 0.313990 0.189410 0.204690 
0.147850 0.155190 0.205990 0.213350 
0.316540 0.318420 0.239890 0.252250 
0.199790 0.209750 0.130020 0.140560 
0.081470 0.094210 0.298020 0.310020 
0.228430 0.235330 0.143570 0.145870 
0.076850 0.087950 0.058230 0.065390 
0.175180 0.178640 0.047260 0.049740 
0.318210 0.325950 0.235860 0.240600 
0.258070 0.261790 0.158800 0.168680 
0.186670 0.200770 0.307420 0.320240 
0.061960 0.075900 0.072710 0.076010 
0.305770 0.310190 0.071200 0.073180 
0.009890 0.011610 0.148900 0.153680 
0.033120 0.047140 0.072390 0.087050 
0.226080 0.237360 0.312310 0.317490 
0.094430 0.100250 0.315550 0.321030 
0.100780 0.106940 0.265670 0.267350 
0.114450 0.120490 0.045070 0.046430 
0.279480 0.294540 0.064170 0.067050 
0.298280 0.303840 0.068380 0.077660 
0.320130 0.332370 0.171160 0.178280 
0.215600 0.218520 0.241400 0.256420 
0.300840 0.307880 0.313520 0.319040 
0.019990 0.030630 0.012210 0.021590 
0.315580 0.331360 0.087720 0.094240 
0.177160 0.189500 0.076730 0.079030 
0.105810 0.113150 0.045930 0.047010 
0.286420 0.299760 0.235970 0.251150 
0.044840 0.055520 0.240600 0.254700 
0.030450 0.042950 0.031320 0.037240 
0.057210 0.067710 0.279260 0.281760 
0.227120 0.242720 0.053230 0.056690 
0.219250 0.222230 0.033270 0.035130 
0.095420 0.097560 0.209770 0.224610 
0.190850 0.204490 0.270450 0.286130 
0.158510 0.163130 0.026330 0.030930 
0.181380 0.193720 0.103280 0.104720 
0.240920 0.253540 0.139530 0.145310 
0.087410 0.102430 0.037320 0.046940 
0.287370 0.293230 0.294180 0.309080 
0.157480 0.162140 0.079940 0.088720 
0.088830 0.104030 0.039410 0.048670 
0.112220 0.119980 0.063740 0.078100 
0.141840 0.156640 0.300830 0.305590 
0.170310 0.175350 0.145590 0.158230 
0.089960 0.092120 0.073350 0.085130 
0.085000 0.097640 0.215680 0.229500 
0.072620 0.073760 0.271050 0.283830 
0.185080 0.189720 0.299710 0.302410 
0.098830 0.100230 0.291060 0.303320 
0.320440 0.332840 0.206570 0.212530 
0.305450 0.318050 0.145410 0.155190 
0.187530 0.191010 0.196180 0.199340 
0.243240 0.258480 0.238270 0.251110 
0.143760 0.155380 0.209290 0.219850 
0.041080 0.046480 0.141330 0.146870 
0.141930 0.154450 0.120870 0.122650 
0.231800 0.244480 0.232210 0.239570 
0.160550 0.163190 0.188950 0.200110 
0.194550 0.196870 0.153770 0.155010 
0.152380 0.164880 0.276110 0.285550 
0.190350 0.191610 0.109550 0.118790 
0.160830 0.173350 0.238500 0.252460 
0.320090 0.331630 0.139700 0.151840 
0.054770 0.068330 0.274720 0.288960 
0.106780 0.117140 0.162690 0.176850 
0.227580 0.236300 0.102520 0.108120 
0.054630 0.065770 0.212320 0.223260 
0.167680 0.178720 0.041280 0.052420 
0.216890 0.221050 0.300100 0.303720 
0.084110 0.095570 0.020320 0.035160 
0.295990 0.299270 0.086810 0.097430 
0.019530 0.034990 0.075630 0.091130 
0.267200 0.270740 0.214250 0.225470 
0.053780 0.062660 0.143000 0.158580 
0.227930 0.234450 0.125390 0.128870 
0.100480 0.107060 0.025630 0.027390 
0.165930 0.176210 0.070340 0.074040 
0.166850 0.168130 0.037550 0.044590 
0.011230 0.016610 0.140680 0.149800 
0.196900 0.205200 0.051080 0.057520 
0.282780 0.292980 0.219820 0.232640 
0.252230 0.260930 0.041980 0.053720 
0.291870 0.302470 0.317040 0.329740 
0.136330 0.147570 0.212600 0.224040 
0.131450 0.136070 0.312290 0.322510 
0.226500 0.227940 0.163980 0.168680 
0.156280 0.170820 0.134880 0.139980 
0.137870 0.145910 0.033870 0.049390 
0.114050 0.121410 0.038320 0.039560 
0.058030 0.065390 0.263490 0.266150 
0.265820 0.268780 0.076030 0.079450 
0.132720 0.146720 0.301120 0.316540 
0.266400 0.271020 0.023270 0.026550 
0.191080 0.203400 0.118060 0.128940 
0.188670 0.193330 0.026310 0.029610 
0.068150 0.083550 0.124510 0.133910 
0.167730 0.175250 0.170770 0.177950 
0.007740 0.012040 0.019800 0.025440 
0.191010 0.197670 0.177010 0.178870 
0.137710 0.139850 0.320970 0.332490 
0.316460 0.322920 0.147920 0.160380 
0.177740 0.185200 0.240410 0.249570 
0.099930 0.111730 0.160430 0.170470 
0.286790 0.289810 0.052560 0.053680 
0.254530 0.263430 0.168300 0.174800 
0.271350 0.273090 0.092140 0.096860 
0.094140 0.095900 0.001880 0.006440 
0.209410 0.213650 0.071060 0.086800 
0.023090 0.029870 0.006940 0.010200 
0.263010 0.269870 0.180720 0.185320 
0.228280 0.231100 0.031750 0.045890 
0.029830 0.035370 0.018790 0.031090 
0.140610 0.142870 0.045100 0.055580 
0.145190 0.149970 0.213480 0.225800 
0.202640 0.217820 0.322150 0.325790 
0.251230 0.252250 0.282140 0.295040 
0.324320 0.326280 0.009610 0.011590 
0.183260 0.187000 0.125910 0.140130 
0.169980 0.183440 0.218800 0.225860 
0.152750 0.167690 0.148870 0.162350 
0.221720 0.229080 0.195100 0.207880 
0.120600 0.133260 0.028300 0.037420 
0.007310 0.011710 0.056360 0.066640 
0.288780 0.298560 0.115910 0.120550 
0.178960 0.184820 0.042190 0.043970 
0.153110 0.159630 0.282460 0.290840 
0.139820 0.142520 0.072170 0.083390 
0.191280 0.202160 0.108080 0.111660 
0.025630 0.028670 0.136890 0.147290 
0.280280 0.292780 0.114680 0.126920 
0.229000 0.231360 0.221590 0.226870 
0.294420 0.303320 0.285880 0.290400 
0.258020 0.268440 0.215590 0.228930 
0.066560 0.073100 0.086610 0.096090 
0.046040 0.060840 0.081330 0.089430 
0.255320 0.271100 0.044790 0.050770 
0.318020 0.325420 0.297790 0.303270 
0.062050 0.063910 0.309710 0.318010 
0.032440 0.040720 0.212640 0.218900 
0.159170 0.174250 0.269150 0.281390 
0.204560 0.210920 0.166360 0.180060 
0.191430 0.194930 0.133170 0.136670 
0.191000 0.197560 0.085830 0.088910 
0.045570 0.059310 0.078380 0.079940 
0.034450 0.046670 0.121420 0.125900 
0.318240 0.327840 0.198610 0.209270 
0.015410 0.021910 0.098540 0.111160 
0.260830 0.264850 0.164720 0.167440 
0.179670 0.192930 0.085400 0.098400 
0.198300 0.205520 0.308050 0.317030 
0.142480 0.153960 0.183340 0.186000 
0.017610 0.028390 0.287920 0.301280 
0.291500 0.295420 0.211950 0.222010 
0.314810 0.322910 0.142460 0.146220 
0.019770 0.026450 0.230340 0.237680 
0.297980 0.313040 0.194280 0.204040 
0.165920 0.171600 0.173520 0.188580 
0.259310 0.274070 0.165770 0.168290 
0.099100 0.110760 0.140030 0.145330 
0.226750 0.234370 0.103260 0.111980 
0.258380 0.273780 0.227300 0.235580 
0.186800 0.196200 0.275610 0.283310 
0.314680 0.320380 0.215830 0.230270 
0.141840 0.147440 0.176180 0.186220 
0.064840 0.076440 0.291670 0.303270 
0.241570 0.245070 0.002480 0.016540 
0.192250 0.194130 0.257380 0.271780 
0.094100 0.098600 0.272840 0.274860 
0.091180 0.096000 0.221060 0.225580 
0.087880 0.102480 0.118670 0.126070 
0.263520 0.265660 0.234790 0.245410 
0.213490 0.215110 0.144550 0.154170 
0.100020 0.105260 0.302230 0.303730 
0.234690 0.240530 0.042530 0.052230 
0.138020 0.139760 0.285390 0.289470 
0.211400 0.219780 0.301260 0.306200 
0.227090 0.239010 0.173970 0.187470 
0.039820 0.054720 0.145230 0.158570 
0.049600 0.064320 0.123580 0.134000 
0.291860 0.304660 0.221190 0.223710 
0.218320 0.221100 0.206750 0.215710 
0.014690 0.026190 0.245660 0.251580 
0.200340 0.209460 0.032770 0.044110 
0.291340 0.296360 0.026860 0.035360 
0.279310 0.281650 0.187720 0.201920 
0.038070 0.039210 0.101800 0.106040 
0.170140 0.175080 0.205430 0.213950 
0.181500 0.183720 0.004090 0.010210 
0.237420 0.238580 0.099840 0.109620 
0.097040 0.100100 0.079160 0.086000 
0.008760 0.020740 0.157160 0.158720 
0.270530 0.273630 0.222770 0.233050 
0.188550 0.202030 0.234980 0.244580 
0.315090 0.324790 0.164270 0.174590 
0.059550 0.071530 0.279720 0.295040 
0.086650 0.093730 0.156240 0.167920 
0.179060 0.186080 0.276980 0.286000 
0.090300 0.099080 0.172010 0.187190 
0.068750 0.069950 0.221450 0.229910 
0.267440 0.280360 0.304470 0.310670 
0.150570 0.157250 0.272200 0.274020 
0.189690 0.200830 0.272270 0.280050 
0.219090 0.234810 0.315760 0.325680 
0.028220 0.031520 0.091440 0.106220 
0.313250 0.318990 0.048450 0.059630 
0.010650 0.016530 0.173130 0.184150 
0.043620 0.045740 0.090600 0.105300 
0.025910 0.036150 0.220770 0.232430 
0.071870 0.086610 0.008270 0.018590 
0.302580 0.308380 0.262420 0.275600 
0.088880 0.102680 0.015700 0.027780 
0.238700 0.252580 0.137930 0.140830 
0.270810 0.282850 0.187080 0.196340 
0.241660 0.249860 0.088130 0.090410 
0.249590 0.256530 0.013860 0.022260 
0.279790 0.288610 0.197580 0.202700 
0.258270 0.265010 0.003100 0.015180 
0.010130 0.019910 0.301870 0.317090 
0.172020 0.182840 0.141600 0.143120 
0.303330 0.318950 0.031570 0.041370 
0.224920 0.240420 0.132500 0.140620 
0.180550 0.189930 0.178370 0.191370 
0.256920 0.258980 0.032700 0.036020 
0.265050 0.275270 0.190150 0.193890 
0.184970 0.200930 0.082290 0.094270 
0.027590 0.036910 0.123230 0.125430 
0.224060 0.232940 0.270340 0.285960 
0.182000 0.191660 0.006580 0.014220 
0.246670 0.258090 0.107960 0.122560 
0.154250 0.160370 0.109660 0.122820 
0.236450 0.237730 0.041820 0.046220 
0.078640 0.083360 0.194550 0.198350 
0.255300 0.262940 0.178890 0.183270 
0.145290 0.159550 0.012980 0.017460 
0.145740 0.153200 0.316860 0.331860 
0.245630 0.261250 0.151330 0.156550 
0.079110 0.093450 0.244960 0.252420 
0.192520 0.202940 0.154280 0.158840 
0.157800 0.169260 0.285040 0.291400 
0.260710 0.263130 0.231580 0.245020 
0.242080 0.250580 0.233660 0.245220 
0.030130 0.044950 0.111470 0.114610 
0.182940 0.195880 0.183830 0.197970 
0.073190 0.081350 0.203930 0.219550 
0.136140 0.140300 0.221450 0.232010 
0.215200 0.219180 0.266320 0.280080 
0.049910 0.055770 0.286760 0.291100 
0.008040 0.016800 0.198630 0.211490 
0.239520 0.241440 0.265480 0.270520 
0.032840 0.039080 0.011910 0.016570 
0.186060 0.201060 0.007610 0.013130 
0.260070 0.270750 0.048070 0.059710 
0.224760 0.230980 0.181090 0.190810 
0.171650 0.179850 0.272760 0.275220 
0.050080 0.063560 0.137500 0.140220 
0.054110 0.067950 0.146180 0.158780 
0.226590 0.241970 0.266200 0.272000 
0.224100 0.237880 0.105210 0.115410 
0.006380 0.015860 0.030400 0.033420 
0.067430 0.070630 0.101640 0.107440 
0.098060 0.099920 0.208160 0.218900 
0.174860 0.184680 0.194930 0.198430 
0.246550 0.255470 0.274270 0.275750 
0.193640 0.196360 0.044650 0.060070 
0.227440 0.235800 0.320860 0.322980 
0.220520 0.226160 0.201900 0.208440 
0.026790 0.029030 0.317520 0.325100 
0.064890 0.066310 0.077160 0.084940 
0.270310 0.276230 0.024660 0.039300 
0.046680 0.057400 0.201010 0.212750 
0.269150 0.274710 0.048920 0.054920 
0.288400 0.294600 0.198160 0.211720 
0.177130 0.185450 0.169500 0.179860 
0.148240 0.159280 0.221980 0.228660 
0.123630 0.136430 0.293700 0.307920 
0.011370 0.019630 0.173670 0.185910 
0.131050 0.140130 0.233320 0.239980 
0.263270 0.268730 0.176730 0.182850 
0.156670 0.171630 0.077550 0.088910 
0.274630 0.276050 0.046650 0.056950 
0.064880 0.070700 0.087840 0.092160 
0.257500 0.272680 0.058710 0.072790 
0.295620 0.299920 0.142610 0.145590 
0.128320 0.135360 0.047010 0.053970 
0.044210 0.059630 0.226590 0.235350 
0.007360 0.020960 0.200630 0.201630 
0.294510 0.298230 0.001050 0.013090 
0.044590 0.059010 0.247070 0.258090 
0.082820 0.084700 0.134190 0.135290 
0.033010 0.046470 0.142260 0.152900 
0.057730 0.063910 0.019840 0.035400 
0.106270 0.120070 0.199820 0.209740 
0.283020 0.285180 0.108440 0.119560 
0.132740 0.143920 0.053260 0.058300 
0.023780 0.039180 0.087170 0.098410 
0.175560 0.182900 0.315410 0.320730 
0.121000 0.129220 0.053850 0.056990 
0.070420 0.078480 0.204900 0.206280 
0.229280 0.243140 0.211850 0.219870 
0.206880 0.213240 0.141980 0.154940 
0.287900 0.297960 0.134320 0.140020 
0.185880 0.192240 0.167230 0.174730 
0.271800 0.276700 0.029420 0.031920 
0.238280 0.248140 0.018020 0.028980 
0.289490 0.291750 0.040200 0.056060 
0.307710 0.312570 0.254290 0.258390 
0.293510 0.298450 0.185410 0.191230 
0.045220 0.059940 0.295970 0.311210 
0.083290 0.089650 0.161060 0.164160 
0.145480 0.149100 0.124430 0.136630 
0.238230 0.244230 0.200600 0.204700 
0.248640 0.263880 0.198660 0.204520 
0.067190 0.079050 0.182780 0.194600 
0.226980 0.240560 0.094580 0.098760 
0.122070 0.129910 0.042160 0.053140 
0.303040 0.315800 0.028940 0.042360 
0.036830 0.050190 0.108360 0.112160 
0.240640 0.253700 0.065020 0.071200 
0.110500 0.122480 0.094000 0.109640 
0.198440 0.211960 0.131540 0.134460 
0.139510 0.152730 0.278450 0.279890 
0.178900 0.186760 0.239740 0.241700 
0.196490 0.198690 0.242430 0.246550 
0.161370 0.172530 0.120380 0.125640 
0.051390 0.055850 0.135690 0.142670 
0.103990 0.110310 0.084260 0.086080 
0.236060 0.249460 0.133840 0.149700 
0.052450 0.058470 0.066540 0.074960 
0.291560 0.301440 0.298610 0.312310 
0.078870 0.080050 0.210010 0.214930 
0.174740 0.178120 0.190880 0.206860 
0.188980 0.194580 0.211940 0.227700 
0.193190 0.208510 0.027870 0.038510 
0.023320 0.032100 0.258420 0.266680 
0.159510 0.171870 0.318170 0.334090 
0.313130 0.320050 0.259240 0.273780 
0.202960 0.212260 0.241550 0.248390 
0.298010 0.302090 0.142880 0.152900 
0.162010 0.173770 0.057010 0.065450 
0.219540 0.232500 0.271910 0.281810 
0.293770 0.303630 0.273400 0.283180 
0.178380 0.184800 0.078120 0.083980 
0.313590 0.320950 0.200810 0.214910 
0.000490 0.011530 0.093150 0.105210 
0.151230 0.163630 0.210460 0.215640 
0.019760 0.031240 0.206050 0.219010 
0.282610 0.290490 0.274520 0.277060 
0.079370 0.081030 0.270840 0.280180 
0.037520 0.052840 0.252050 0.264530 
0.277370 0.283770 0.241860 0.252980 
0.131270 0.135770 0.108980 0.118140 
0.199300 0.206060 0.000160 0.010460 
0.202590 0.209350 0.041460 0.047360 
0.310290 0.311970 0.024090 0.025510 
0.227850 0.237990 0.317050 0.325590 
0.059780 0.075060 0.018280 0.022500 
0.102840 0.116100 0.007630 0.009850 
0.250330 0.264170 0.069260 0.078160 
0.092740 0.106820 0.199320 0.208380 
0.287840 0.294980 0.057630 0.059350 
0.079540 0.086780 0.238550 0.244290 
0.128160 0.141260 0.001020 0.004620 
0.244570 0.259250 0.077970 0.080270 
0.241030 0.252150 0.183850 0.185830 
0.204780 0.216640 0.318280 0.325140 
0.228740 0.231880 0.140160 0.143500 
0.058960 0.067160 0.300610 0.304490 
0.182020 0.190820 0.137950 0.151210 
0.274630 0.289670 0.227560 0.233200 
0.137460 0.147520 0.312680 0.315280 
0.111130 0.123890 0.098790 0.112410 
0.116240 0.117520 0.164520 0.176440 
0.108100 0.117880 0.198510 0.205750 
0.154000 0.164360 0.118440 0.129720 
0.258880 0.264140 0.104910 0.116830 
0.106710 0.114510 0.154530 0.159910 
0.319500 0.321540 0.241450 0.253030 
0.267530 0.274930 0.148010 0.154150 
0.036330 0.038310 0.173600 0.188480 
0.257840 0.262380 0.319770 0.324650 
0.069250 0.075250 0.032440 0.044220 
0.283430 0.291730 0.094910 0.109130 
0.247330 0.261490 0.005570 0.011110 
0.191870 0.206670 0.089760 0.101260 
0.075280 0.086400 0.298620 0.305600 
0.041170 0.051290 0.100180 0.109960 
0.181010 0.193090 0.228800 0.234920 
0.213300 0.217240 0.144220 0.148060 
0.144210 0.158950 0.165550 0.167790 
0.176100 0.190300 0.309750 0.313090 
0.267680 0.275860 0.313240 0.323980 
0.128740 0.140260 0.178320 0.180060 
0.157890 0.165150 0.021620 0.025380 
0.060640 0.068340 0.001360 0.013320 
0.074570 0.084390 0.022080 0.024420 
0.200420 0.215840 0.207800 0.212060 
0.021590 0.031750 0.111750 0.127330 
0.116360 0.117920 0.133550 0.140930 
0.111840 0.115820 0.061370 0.065550 
0.316440 0.318740 0.085910 0.097830 
0.228550 0.236370 0.071580 0.081340 
0.316490 0.327690 0.025140 0.028720 
0.004920 0.020260 0.012650 0.026610 
0.202380 0.208480 0.166690 0.172110 
0.043230 0.057290 0.159150 0.161670 
0.166430 0.180090 0.285530 0.298150 
0.137280 0.152740 0.254610 0.265350 
0.083920 0.095520 0.009910 0.021510 
0.207820 0.211860 0.321460 0.327360 
0.034020 0.047260 0.038900 0.047340 
0.063710 0.074150 0.268690 0.283510 
0.019720 0.030940 0.263890 0.264910 
0.225740 0.231960 0.138490 0.152790 
0.196240 0.207360 0.320690 0.331810 
0.070920 0.082900 0.112160 0.124800 
0.152390 0.163790 0.091330 0.101230 
0.051030 0.065290 0.007030 0.011050 
0.308150 0.314750 0.306960 0.317000 
0.013810 0.026830 0.128560 0.141160 
0.313130 0.316450 0.072650 0.078870 
0.299980 0.306180 0.018570 0.021470 
0.206200 0.208560 0.040530 0.046350 
0.277760 0.281840 0.175740 0.185800 
0.220920 0.223420 0.301790 0.313670 
0.003930 0.017870 0.162010 0.177730 
0.186470 0.193010 0.049950 0.053990 
0.239960 0.252860 0.170400 0.178820 
0.026160 0.036980 0.134800 0.140420 
0.249170 0.250290 0.102400 0.104380 
0.285620 0.299600 0.036130 0.039950 
0.285000 0.291500 0.209310 0.218470 
0.267160 0.271720 0.049660 0.060360 
0.008740 0.020800 0.105820 0.110040 
0.002200 0.003240 0.285010 0.288730 
0.148370 0.152930 0.150810 0.166490 
0.064510 0.068510 0.108550 0.114370 
0.104190 0.106890 0.315910 0.331470 
0.188720 0.200440 0.094210 0.109090 
0.270800 0.283280 0.042570 0.056370 
0.162880 0.166220 0.150870 0.162070 
0.301950 0.314330 0.141590 0.151770 
0.305560 0.308040 0.147140 0.148440 
0.139310 0.154690 0.065820 0.077620 
0.187140 0.192240 0.187940 0.202560 
0.010780 0.024060 0.017370 0.027050 
0.021350 0.024030 0.241920 0.256600 
0.187610 0.191570 0.118000 0.123180 
0.197460 0.206840 0.168990 0.179850 
0.260550 0.276490 0.075750 0.090890 
0.100990 0.102650 0.085720 0.095360 
0.037530 0.047270 0.272330 0.278910 
0.183140 0.194260 0.114250 0.128390 
0.044470 0.054870 0.085460 0.098960 
0.017750 0.020850 0.212710 0.221870 
0.237550 0.241050 0.004420 0.012400 
0.115820 0.117180 0.276360 0.278520 
0.279670 0.294230 0.037010 0.048710 
0.132150 0.138410 0.228130 0.231510 
0.190030 0.205610 0.139050 0.151670 
0.261230 0.267470 0.065030 0.077470 
0.212660 0.213820 0.213070 0.219050 
0.292290 0.293750 0.188730 0.198710 
0.019880 0.021900 0.076000 0.091440 
0.269090 0.281930 0.028220 0.034560 
0.211250 0.224510 0.094710 0.101990 
0.167740 0.174880 0.264540 0.277880 
0.124680 0.131880 0.043900 0.045040 
0.095680 0.103980 0.104290 0.110250 
0.161320 0.173380 0.300000 0.314360 
0.221330 0.231750 0.022410 0.027270 
0.226450 0.238610 0.045710 0.050710 
0.276860 0.283940 0.173100 0.180360 
0.088920 0.095100 0.009030 0.017670 
0.013200 0.016680 0.278910 0.283210 
0.200950 0.203030 0.270790 0.277730 
0.208360 0.214380 0.108350 0.113550 
0.075860 0.084260 0.103120 0.116320 
0.112840 0.127540 0.080600 0.094520 
0.048680 0.050920 0.143800 0.157420 
0.128620 0.134980 0.262990 0.269990 
0.106270 0.113650 0.150590 0.153670 
0.269380 0.278620 0.260450 0.266130 
0.039370 0.052230 0.270040 0.276760 
0.067220 0.070660 0.297750 0.310030 
0.194880 0.206420 0.246590 0.261930 
0.270860 0.271960 0.267010 0.273930 
0.136900 0.152040 0.151510 0.160590 
0.072460 0.086720 0.317140 0.325340 
0.287530 0.292950 0.191150 0.203590 
0.169540 0.171720 0.113430 0.122970 
0.194240 0.200300 0.255520 0.263100 
0.304720 0.315020 0.186740 0.190380 
0.206270 0.211810 0.122120 0.124960 
0.285030 0.296730 0.232270 0.248010 
0.133820 0.138160 0.109770 0.112390 
0.150700 0.158140 0.184730 0.193710 
0.025300 0.029520 0.202690 0.208210 
0.198390 0.206590 0.081970 0.084270 
0.281080 0.282540 0.301480 0.309200 
0.027780 0.037520 0.124630 0.137930 
0.043680 0.058700 0.187190 0.200470 
0.270040 0.281440 0.256050 0.270970 
0.043490 0.046070 0.191270 0.201850 
0.204730 0.216610 0.021490 0.029650 
0.218400 0.219420 0.204530 0.206110 
0.226960 0.235260 0.196990 0.207930 
0.293970 0.302610 0.184050 0.189630 
0.150970 0.153590 0.161850 0.173350 
0.047030 0.055650 0.176280 0.188160 
0.195420 0.197920 0.032000 0.036180 
0.040160 0.054280 0.011570 0.018150 
0.200710 0.209530 0.219240 0.228780 
0.238430 0.246590 0.015220 0.024880 
0.008100 0.009100 0.001030 0.010830 
0.315250 0.321050 0.234410 0.249070 
0.138640 0.154020 0.123010 0.132950 
0.198440 0.209740 0.013090 0.021630 
0.246880 0.257340 0.000750 0.012230 
0.183180 0.192560 0.223180 0.229760 
0.014780 0.018100 0.017220 0.023940 
0.157370 0.166510 0.149020 0.161020 
0.095470 0.097490 0.062130 0.067990 
0.307790 0.320930 0.320260 0.330900 
0.057420 0.070020 0.052550 0.056850 
0.122540 0.124000 0.091640 0.097800 
0.081410 0.093050 0.036910 0.044510 
0.094950 0.107970 0.286580 0.290660 
0.116750 0.119810 0.119180 0.125680 
0.053590 0.065350 0.057890 0.068370 
0.179070 0.182690 0.147790 0.160610 
0.106540 0.119240 0.106420 0.119220 
0.123450 0.136370 0.067920 0.080420 
0.147400 0.148440 0.118380 0.125140 
0.182300 0.195800 0.032490 0.046630 
0.157470 0.169430 0.297520 0.303440 
0.025950 0.040370 0.082480 0.089420 
0.113370 0.120630 0.114190 0.123550 
0.248980 0.262900 0.285130 0.292550 
0.046780 0.059340 0.003850 0.007550 
0.259510 0.271990 0.043900 0.053660 
0.076500 0.085300 0.164020 0.168460 
0.186790 0.191250 0.146630 0.152830 
0.099140 0.111240 0.168520 0.184140 
0.243290 0.250030 0.189140 0.190300 
0.296190 0.300550 0.129900 0.133340 
0.226580 0.238520 0.316940 0.330480 
0.075060 0.087080 0.304640 0.315980 
0.288910 0.297630 0.202770 0.210490 
0.081690 0.095830 0.239610 0.243670 
0.223700 0.227300 0.239490 0.253490 
0.055330 0.056530 0.017530 0.023250 
0.199520 0.214080 0.029740 0.032740 
0.092490 0.107290 0.103350 0.108530 
0.006270 0.015790 0.153580 0.157160 
0.158970 0.163890 0.257880 0.264440 
0.306600 0.318680 0.235100 0.239220 
0.218470 0.228910 0.245900 0.259200 
0.174570 0.188890 0.006370 0.009590 
0.318720 0.333860 0.012530 0.023350 
0.267740 0.277260 0.059400 0.073100 
0.089110 0.098510 0.311320 0.320160 
0.220140 0.229180 0.062130 0.077330 
0.218780 0.222980 0.218670 0.231330 
0.317950 0.322050 0.190260 0.198940 
0.167550 0.172370 0.019190 0.030750 
0.327120 0.328200 0.019200 0.028780 
0.304850 0.320290 0.077940 0.081740 
0.110340 0.123480 0.276530 0.285290 
0.097570 0.107150 0.142250 0.143490 
0.134490 0.143370 0.236380 0.240920 
0.311610 0.318510 0.144760 0.150460 
0.099310 0.100790 0.157440 0.170100 
0.195790 0.204150 0.009430 0.022710 
0.252770 0.264070 0.045900 0.051560 
0.260680 0.272720 0.181650 0.195930 
0.165460 0.175320 0.091990 0.104270 
0.093090 0.097810 0.099640 0.110400 
0.298520 0.303320 0.241200 0.255360 
0.291650 0.293910 0.191150 0.195710 
0.230670 0.241390 0.268040 0.280960 
0.306320 0.319940 0.207860 0.213920 
0.064900 0.067720 0.073240 0.079180 
0.248670 0.257690 0.030490 0.043410 
0.061920 0.075040 0.182050 0.188330 
0.070690 0.072370 0.176190 0.188650 
0.190150 0.194810 0.224300 0.233400 
0.051630 0.065430 0.099500 0.112780 
0.201380 0.216660 0.253940 0.268080 
0.020470 0.024110 0.038500 0.049800 
0.038180 0.046820 0.172370 0.187710 
0.292500 0.306360 0.316610 0.330490 
0.138310 0.142930 0.083690 0.096050 
0.013890 0.018330 0.306970 0.316070 
0.244630 0.254250 0.123220 0.136280 
0.178920 0.189800 0.105790 0.111870 
0.273000 0.281780 0.097800 0.100660 
0.039050 0.041030 0.066690 0.077970 
0.298420 0.299740 0.184990 0.192990 
0.050010 0.064350 0.130990 0.134590 
0.022990 0.030430 0.189680 0.202800 
0.163430 0.176790 0.217120 0.219920 
0.039820 0.045480 0.170730 0.176650 
0.083030 0.085910 0.143520 0.149660 
0.200110 0.211690 0.211480 0.225140 
0.113160 0.121720 0.192420 0.199200 
0.087250 0.101930 0.308790 0.314290 
0.306640 0.321880 0.117760 0.133660 
0.142610 0.158450 0.009010 0.018610 
0.032420 0.047060 0.232040 0.242660 
0.072540 0.080120 0.036560 0.037960 
0.069880 0.074640 0.006100 0.011060 
0.079680 0.094240 0.121770 0.133390 
0.266370 0.274530 0.049540 0.063900 
0.002700 0.016400 0.321470 0.327410 
0.132830 0.137530 0.188390 0.194970 
0.309860 0.322700 0.303470 0.306430 
0.115620 0.118800 0.193410 0.207990 
0.101000 0.109840 0.174660 0.177660 
0.284810 0.294970 0.134710 0.136970 
0.148410 0.151770 0.315330 0.319110 
0.117260 0.131940 0.142980 0.149220 
0.242810 0.252690 0.139470 0.144210 
0.261870 0.276950 0.056400 0.065340 
0.301570 0.310130 0.048980 0.052100 
0.309800 0.325660 0.128680 0.142920 
0.005880 0.019120 0.016850 0.028490 
0.218260 0.233300 0.189340 0.193320 
0.111940 0.126260 0.165960 0.179140 
0.094140 0.097880 0.217840 0.228560 
0.180950 0.191730 0.191330 0.201190 
0.123060 0.126360 0.218700 0.223720 
0.224160 0.226960 0.279710 0.285570 
0.015680 0.031100 0.304910 0.309450 
0.112060 0.113920 0.053330 0.055850 
0.314790 0.315830 0.247540 0.253300 
0.260000 0.270480 0.041670 0.043530 
0.301150 0.307650 0.150710 0.152590 
0.192960 0.206800 0.108550 0.115730 
0.068570 0.069970 0.023610 0.039450 
0.058060 0.068060 0.308960 0.317400 
0.256820 0.260740 0.028670 0.030430 
0.053730 0.067270 0.031170 0.045910 
0.157620 0.173160 0.055230 0.064830 
0.158020 0.171460 0.061390 0.069570 
0.080520 0.088040 0.111030 0.114790 
0.183750 0.193030 0.146670 0.160130 
0.223990 0.234370 0.321590 0.330410 
0.193160 0.200820 0.191370 0.199510 
0.216190 0.224610 0.227840 0.235820 
0.171370 0.179470 0.036190 0.047590 
0.197220 0.203040 0.140270 0.156050 
0.133820 0.135620 0.008450 0.021810 
0.150180 0.156380 0.311900 0.325640 
0.047160 0.054780 0.219690 0.223730 
0.031110 0.042130 0.170240 0.174800 
0.035760 0.043380 0.055000 0.063620 
0.261480 0.270080 0.260370 0.274770 
0.036980 0.044500 0.040250 0.048810 
0.176440 0.191160 0.269260 0.283260 
0.267550 0.269430 0.271360 0.273080 
0.326130 0.328790 0.218020 0.229500 
0.021240 0.033700 0.157580 0.172540 
0.211930 0.226970 0.254390 0.264550 
0.132450 0.139310 0.183540 0.194900 
0.048980 0.062480 0.170410 0.185250 
0.086350 0.089150 0.105370 0.119130 
0.301840 0.307860 0.271920 0.282620 
0.085320 0.093360 0.165880 0.172500 
0.117340 0.125340 0.210770 0.214050 
0.232080 0.243300 0.215900 0.228820 
0.293580 0.294960 0.061480 0.076760 
0.179730 0.193010 0.115460 0.128400 
0.252870 0.265910 0.033690 0.038850 
0.094060 0.097600 0.102940 0.104180 
0.296500 0.299900 0.113260 0.120840 
0.191840 0.204660 0.058370 0.067690 
0.191380 0.193620 0.196640 0.207920 
0.318070 0.327170 0.265720 0.271640 
0.002770 0.011170 0.024680 0.028000 
0.313090 0.324970 0.041410 0.051330 
0.134250 0.137430 0.033970 0.038490 
0.151040 0.164060 0.059540 0.064240 
0.190800 0.205220 0.007430 0.018690 
0.307870 0.322830 0.193010 0.201230 
0.003190 0.006010 0.292760 0.296300 
0.223400 0.225940 0.303150 0.311390 
0.314930 0.322390 0.098370 0.102430 
0.046750 0.052750 0.164000 0.172320 
0.195690 0.207690 0.240590 0.242210 
0.046690 0.056810 0.207050 0.212670 
0.205120 0.213660 0.244720 0.246940 
0.011560 0.014620 0.088980 0.090980 
0.020160 0.027160 0.312960 0.318060 
0.220140 0.227280 0.023740 0.037660 
0.096500 0.099620 0.056630 0.066690 
0.051870 0.052990 0.172630 0.182430 
0.181800 0.192280 0.051050 0.058890 
0.135950 0.148250 0.077630 0.084190 
0.288220 0.295580 0.219840 0.223700 
0.139480 0.140800 0.259400 0.274120 
0.086330 0.096070 0.150880 0.162200 
0.323590 0.327270 0.131090 0.133710 
0.236040 0.241660 0.305050 0.306390 
0.292830 0.303450 0.005240 0.011220 
0.189800 0.191140 0.039260 0.043500 
0.078580 0.087000 0.211560 0.224160 
0.025230 0.032230 0.011190 0.025590 
0.208460 0.210600 0.190150 0.195830 
0.260000 0.266160 0.213950 0.225430 
0.100000 0.108420 0.149110 0.158730 
0.119160 0.122260 0.054340 0.063000 
0.147050 0.152310 0.012420 0.019360 
0.239980 0.247600 0.010540 0.017580 
0.301240 0.315640 0.011470 0.013870 
0.288410 0.299450 0.268940 0.270400 
0.148120 0.159820 0.077850 0.079250 
0.255370 0.257990 0.101840 0.111600 
0.143500 0.154220 0.254360 0.257180 
0.284260 0.299320 0.195500 0.207380 
0.075470 0.088250 0.100120 0.108800 
0.050150 0.051810 0.127500 0.133180 
0.245600 0.253220 0.199370 0.203630 
0.076900 0.092360 0.255120 0.261260 
0.131280 0.145560 0.150240 0.165380 
0.092420 0.096840 0.137710 0.151210 
0.175830 0.186650 0.034270 0.036370 
0.257040 0.261220 0.015440 0.027960 
0.025280 0.032480 0.244170 0.252610 
0.054790 0.062790 0.095640 0.110440 
0.216080 0.231920 0.273920 0.280920 
0.169250 0.180890 0.009210 0.016070 
0.058550 0.070550 0.122980 0.130600 
0.247630 0.255210 0.303000 0.306980 
0.173320 0.182540 0.260350 0.274050 
0.049010 0.059630 0.170790 0.179290 
0.295380 0.309960 0.056390 0.068890 
0.095510 0.107930 0.199120 0.213560 
0.136830 0.147590 0.246980 0.257440 
0.116770 0.124570 0.322230 0.331490 
0.008030 0.019750 0.311240 0.313000 
0.245150 0.253230 0.178190 0.184830 
0.304290 0.315790 0.192770 0.207830 
0.061460 0.073260 0.277880 0.287780 
0.095670 0.102270 0.251340 0.264340 
0.043360 0.046580 0.002420 0.013220 
0.108020 0.109180 0.248770 0.251730 
0.156310 0.169630 0.298830 0.311330 
0.257130 0.267870 0.165600 0.174500 
0.288510 0.303890 0.294160 0.303940 
0.284720 0.291080 0.226440 0.241660 
0.029350 0.035170 0.252320 0.266000 
0.313160 0.318920 0.028200 0.043000 
0.004090 0.009750 0.091560 0.097660 
0.177850 0.183950 0.244640 0.248400 
0.305090 0.317050 0.293500 0.302500 
0.037750 0.053190 0.271350 0.280190 
0.000770 0.013150 0.161250 0.172430 
0.140620 0.146260 0.001360 0.004700 
0.159030 0.170670 0.075940 0.084360 
0.268540 0.273040 0.023330 0.027690 
0.165340 0.171180 0.151930 0.155990 
0.268400 0.272840 0.059610 0.061590 
0.174450 0.185950 0.231090 0.244210 
0.243350 0.257190 0.245800 0.253460 
0.299030 0.311670 0.037090 0.042470 
0.250990 0.252410 0.088630 0.096150 
0.070730 0.082750 0.100980 0.103040 
0.107150 0.108570 0.026210 0.037270 
0.299340 0.312680 0.022780 0.029260 
0.315130 0.317830 0.069050 0.082430 
0.095080 0.100360 0.067530 0.076630 
0.050000 0.055600 0.066640 0.082480 
0.060740 0.076660 0.300240 0.314740 
0.060460 0.071180 0.143980 0.154760 
0.171210 0.175830 0.175230 0.188270 
0.022020 0.026160 0.317280 0.329500 
0.082280 0.094600 0.190100 0.203860 
0.200520 0.216260 0.314240 0.322380 
0.087710 0.095910 0.242270 0.247610 
0.188960 0.201640 0.011960 0.015560 
0.325590 0.327850 0.051020 0.061220 
0.282760 0.288780 0.014070 0.022590 
0.245640 0.249100 0.046220 0.050940 
0.298610 0.309930 0.246800 0.249380 
0.179150 0.182230 0.112460 0.125960 
0.263630 0.265890 0.176910 0.178850 
0.189450 0.199010 0.243740 0.253040 
0.293330 0.298770 0.229080 0.244760 
0.217540 0.232320 0.043460 0.057060 
0.308960 0.324100 0.018770 0.032950 
0.269560 0.275640 0.054360 0.067000 
0.162000 0.167440 0.045420 0.055160 
0.059340 0.061120 0.152140 0.153960 
0.302830 0.312970 0.209280 0.219040 
0.090260 0.104980 0.139360 0.143080 
0.261670 0.266050 0.233830 0.242850 
0.078400 0.087060 0.011200 0.016260 
0.103900 0.116340 0.069630 0.075730 
0.250580 0.264680 0.081270 0.091570 
0.099520 0.108240 0.041300 0.054020 
0.092250 0.106710 0.059150 0.061610 
0.258560 0.265360 0.209720 0.218200 
0.167340 0.174660 0.064310 0.078310 
0.058930 0.071470 0.192550 0.201810 
0.143840 0.147460 0.033280 0.039300 
0.152110 0.157650 0.301040 0.314740 
0.228860 0.237880 0.286180 0.294760 
0.252500 0.266480 0.285070 0.300050 
0.019990 0.035110 0.010190 0.026170 
0.049110 0.062410 0.057230 0.072870 
0.090640 0.092100 0.173170 0.174270 
0.094080 0.105360 0.193700 0.195160 
0.217330 0.231550 0.188150 0.192950 
0.223990 0.234970 0.309900 0.318540 
0.255460 0.266540 0.210640 0.217460 
0.065910 0.077890 0.082580 0.098260 
0.037170 0.046030 0.294830 0.301010 
0.010480 0.016600 0.185240 0.190980 
0.165020 0.174340 0.184580 0.196720 
0.059310 0.072470 0.084050 0.099950 
0.039730 0.041810 0.291390 0.304470 
0.059160 0.073300 0.244150 0.248030 
0.163320 0.170520 0.303330 0.311290 
0.141410 0.148730 0.238640 0.247260 
